<?xml version="1.0"?>
<opencv_storage>
<M1 type_id="opencv-matrix">
  <rows>3</rows>
  <cols>3</cols>
  <dt>d</dt>
  <data>
    1.2258592454409966e+03 0. 7.0459097704911767e+02 0.
    1.2259609851401522e+03 5.8734542664022013e+02 0. 0. 1.</data></M1>
<M2 type_id="opencv-matrix">
  <rows>3</rows>
  <cols>3</cols>
  <dt>d</dt>
  <data>
    1.2037695772454599e+03 0. 7.0975539197415878e+02 0.
    1.2045426196805770e+03 5.7436244053920245e+02 0. 0. 1.</data></M2>
<D1 type_id="opencv-matrix">
  <rows>1</rows>
  <cols>5</cols>
  <dt>d</dt>
  <data>
    -2.9902605357764350e-01 1.7508617386503053e-01
    -1.8316323129222709e-03 1.7893660473196661e-03
    -3.7754161690518998e-02</data></D1>
<D2 type_id="opencv-matrix">
  <rows>1</rows>
  <cols>5</cols>
  <dt>d</dt>
  <data>
    -2.9344720943757419e-01 2.1300666393192924e-01
    -3.0390379453621938e-04 2.1176648015168316e-03
    -1.0986863830387503e-01</data></D2>
<R type_id="opencv-matrix">
  <rows>3</rows>
  <cols>3</cols>
  <dt>d</dt>
  <data>
    9.9990778475270314e-01 1.2909337063603690e-02
    -4.2155672833233959e-03 -1.2860425007414888e-02
    9.9985196321247727e-01 1.1430709898498594e-02 4.3625061112411451e-03
    -1.1375441825847646e-02 9.9992578117763131e-01</data></R>
<P1 type_id="opencv-matrix">
  <rows>3</rows>
  <cols>4</cols>
  <dt>d</dt>
  <data>
    1.2152518024103647e+03 0. 6.0903376770019531e+02 0. 0.
    1.2152518024103647e+03 5.5655525207519531e+02 0. 0. 0. 1. 0.</data></P1>
<P2 type_id="opencv-matrix">
  <rows>3</rows>
  <cols>4</cols>
  <dt>d</dt>
  <data>
    1.2152518024103647e+03 0. 6.0903376770019531e+02
    -1.4743345107301694e+05 0. 1.2152518024103647e+03
    5.5655525207519531e+02 0. 0. 0. 1. 0.</data></P2>
<Q type_id="opencv-matrix">
  <rows>4</rows>
  <cols>4</cols>
  <dt>d</dt>
  <data>
    1. 0. 0. -6.0903376770019531e+02 0. 1. 0. -5.5655525207519531e+02 0.
    0. 0. 1.2152518024103647e+03 0. 0. 8.2427142115021577e-03 0.</data></Q>
<T type_id="opencv-matrix">
  <rows>3</rows>
  <cols>1</cols>
  <dt>d</dt>
  <data>
    -1.2088089420482501e+02 1.6339426223647429e+00
    -1.0173634174096165e+01</data></T>
</opencv_storage>
